Microsoft Windows [Version 10.0.17134.285]
(c) 2018 Microsoft Corporation. All rights reserved.

C:\PERSONAL FOLDER\FALL 2018\CS6320 Natural Language Processing\NLP_H2>python homework.py corpus.txt "Facebook announced plans to built a new datacenter in 2018 ." "Facebook is an American social networking service company in California ."

===========================================================================
Sentence 1:  Facebook announced plans to built a new datacenter in 2018 .
===========================================================================

A1) Table of counts for bigram model without smoothing:

  BIGRAMS  | facebook |announced |  plans   |    to    |  built   |    a     |   new    |datacenter|    in    |   2018   |    .     |
|facebook  |         0|        27|         0|         3|         0|         1|         0|         0|         2|         0|         6|
|announced |         1|         0|         2|         2|         0|         3|         0|         0|         2|         0|         0|
|plans     |         0|         0|         0|         3|         0|         0|         0|         0|         0|         0|         0|
|to        |         4|         0|         0|         0|         0|         6|         1|         0|         0|         1|         0|
|built     |         0|         0|         0|         0|         0|         0|         0|         0|         1|         0|         0|
|a         |         3|         0|         0|         0|         0|         0|         6|         0|         0|         0|         0|
|new       |         0|         0|         0|         0|         0|         0|         0|         0|         0|         0|         0|
|datacenter|         0|         0|         0|         0|         0|         0|         0|         0|         1|         0|         0|
|in        |         5|         0|         0|         0|         0|        15|         0|         0|         0|         2|         0|
|2018      |         0|         0|         0|         0|         0|         0|         0|         0|         0|         0|         2|
|.         |        49|         0|         0|         2|         0|        17|         1|         0|        67|         0|         0|

A2) Table of counts for bigram model with smoothing:

  BIGRAMS  | facebook |announced |  plans   |    to    |  built   |    a     |   new    |datacenter|    in    |   2018   |    .     |
|facebook  |         1|        28|         1|         4|         1|         2|         1|         1|         3|         1|         7|
|announced |         2|         1|         3|         3|         1|         4|         1|         1|         3|         1|         1|
|plans     |         1|         1|         1|         4|         1|         1|         1|         1|         1|         1|         1|
|to        |         5|         1|         1|         1|         1|         7|         2|         1|         1|         2|         1|
|built     |         1|         1|         1|         1|         1|         1|         1|         1|         2|         1|         1|
|a         |         4|         1|         1|         1|         1|         1|         7|         1|         1|         1|         1|
|new       |         1|         1|         1|         1|         1|         1|         1|         1|         1|         1|         1|
|datacenter|         1|         1|         1|         1|         1|         1|         1|         1|         2|         1|         1|
|in        |         6|         1|         1|         1|         1|        16|         1|         1|         1|         3|         1|
|2018      |         1|         1|         1|         1|         1|         1|         1|         1|         1|         1|         3|
|.         |        50|         1|         1|         3|         1|        18|         2|         1|        68|         1|         1|

B1) Table with probabilities bigrams without smoothing:

  BIGRAMS  | facebook |announced |  plans   |    to    |  built   |    a     |   new    |datacenter|    in    |   2018   |    .     |
|facebook  |0.0       |0.091525  |0.0       |0.010169  |0.0       |0.003390  |0.0       |0.0       |0.006780  |0.0       |0.020339  |
|announced |0.023256  |0.0       |0.046512  |0.046512  |0.0       |0.069767  |0.0       |0.0       |0.046512  |0.0       |0.0       |
|plans     |0.0       |0.0       |0.0       |1.000000  |0.0       |0.0       |0.0       |0.0       |0.0       |0.0       |0.0       |
|to        |0.013289  |0.0       |0.0       |0.0       |0.0       |0.019934  |0.003322  |0.0       |0.0       |0.003322  |0.0       |
|built     |0.0       |0.0       |0.0       |0.0       |0.0       |0.0       |0.0       |0.0       |0.250000  |0.0       |0.0       |
|a         |0.013393  |0.0       |0.0       |0.0       |0.0       |0.0       |0.026786  |0.0       |0.0       |0.0       |0.0       |
|new       |0.0       |0.0       |0.0       |0.0       |0.0       |0.0       |0.0       |0.0       |0.0       |0.0       |0.0       |
|datacenter|0.0       |0.0       |0.0       |0.0       |0.0       |0.0       |0.0       |0.0       |1.000000  |0.0       |0.0       |
|in        |0.017986  |0.0       |0.0       |0.0       |0.0       |0.053957  |0.0       |0.0       |0.0       |0.007194  |0.0       |
|2018      |0.0       |0.0       |0.0       |0.0       |0.0       |0.0       |0.0       |0.0       |0.0       |0.0       |0.125000  |
|.         |0.114486  |0.0       |0.0       |0.004673  |0.0       |0.039720  |0.002336  |0.0       |0.156542  |0.0       |0.0       |

B2) Table with probabilities bigrams with smoothing:

  BIGRAMS  | facebook |announced |  plans   |    to    |  built   |    a     |   new    |datacenter|    in    |   2018   |    .     |
|facebook  |0.000355  |0.009933  |0.000355  |0.001419  |0.000355  |0.000709  |0.000355  |0.000355  |0.001064  |0.000355  |0.002483  |
|announced |0.000779  |0.000390  |0.001169  |0.001169  |0.000390  |0.001558  |0.000390  |0.000390  |0.001169  |0.000390  |0.000390  |
|plans     |0.000396  |0.000396  |0.000396  |0.001583  |0.000396  |0.000396  |0.000396  |0.000396  |0.000396  |0.000396  |0.000396  |
|to        |0.001770  |0.000354  |0.000354  |0.000354  |0.000354  |0.002478  |0.000708  |0.000354  |0.000354  |0.000708  |0.000354  |
|built     |0.000396  |0.000396  |0.000396  |0.000396  |0.000396  |0.000396  |0.000396  |0.000396  |0.000791  |0.000396  |0.000396  |
|a         |0.001456  |0.000364  |0.000364  |0.000364  |0.000364  |0.000364  |0.002547  |0.000364  |0.000364  |0.000364  |0.000364  |
|new       |0.000392  |0.000392  |0.000392  |0.000392  |0.000392  |0.000392  |0.000392  |0.000392  |0.000392  |0.000392  |0.000392  |
|datacenter|0.000396  |0.000396  |0.000396  |0.000396  |0.000396  |0.000396  |0.000396  |0.000396  |0.000792  |0.000396  |0.000396  |
|in        |0.002141  |0.000357  |0.000357  |0.000357  |0.000357  |0.005710  |0.000357  |0.000357  |0.000357  |0.001071  |0.000357  |
|2018      |0.000394  |0.000394  |0.000394  |0.000394  |0.000394  |0.000394  |0.000394  |0.000394  |0.000394  |0.000394  |0.001181  |
|.         |0.016938  |0.000339  |0.000339  |0.001016  |0.000339  |0.006098  |0.000678  |0.000339  |0.023035  |0.000339  |0.000339  |

C1) The probability of the sentence is without smoothing: 0.0

C2) The probability of the sentence is with smoothing : 1.1117212563617777e-34

========================================================================================
Sentence 2:  Facebook is an American social networking service company in California .
========================================================================================

A1) Table of counts for bigram model without smoothing:

  BIGRAMS  | facebook |    is    |    an    | american |  social  |networking| service  | company  |    in    |california|    .     |
|facebook  |         0|        14|         0|         0|         0|         0|         0|         0|         2|         0|         6|
|is        |         1|         0|         4|         0|         0|         0|         0|         0|         0|         0|         1|
|an        |         0|         0|         0|         1|         0|         0|         0|         0|         0|         0|         0|
|american  |         0|         0|         0|         0|         0|         0|         0|         0|         0|         0|         0|
|social    |         0|         0|         0|         0|         0|         8|         0|         0|         0|         0|         0|
|networking|         0|         0|         0|         0|         0|         0|         2|         0|         0|         0|         0|
|service   |         0|         0|         0|         0|         0|         0|         0|         1|         1|         0|         2|
|company   |         0|         0|         0|         0|         0|         0|         0|         0|         1|         0|         2|
|in        |         5|         0|         3|         0|         0|         0|         0|         0|         0|         1|         0|
|california|         0|         0|         0|         0|         0|         0|         0|         0|         0|         0|         3|
|.         |        49|         0|         1|         0|         0|         0|         0|         0|        67|         0|         0|

A2) Table of counts for bigram model with smoothing:

  BIGRAMS  | facebook |    is    |    an    | american |  social  |networking| service  | company  |    in    |california|    .     |
|facebook  |         1|        15|         1|         1|         1|         1|         1|         1|         3|         1|         7|
|is        |         2|         1|         5|         1|         1|         1|         1|         1|         1|         1|         2|
|an        |         1|         1|         1|         2|         1|         1|         1|         1|         1|         1|         1|
|american  |         1|         1|         1|         1|         1|         1|         1|         1|         1|         1|         1|
|social    |         1|         1|         1|         1|         1|         9|         1|         1|         1|         1|         1|
|networking|         1|         1|         1|         1|         1|         1|         3|         1|         1|         1|         1|
|service   |         1|         1|         1|         1|         1|         1|         1|         2|         2|         1|         3|
|company   |         1|         1|         1|         1|         1|         1|         1|         1|         2|         1|         3|
|in        |         6|         1|         4|         1|         1|         1|         1|         1|         1|         2|         1|
|california|         1|         1|         1|         1|         1|         1|         1|         1|         1|         1|         4|
|.         |        50|         1|         2|         1|         1|         1|         1|         1|        68|         1|         1|

B1) Table with probabilities bigrams without smoothing:

  BIGRAMS  | facebook |    is    |    an    | american |  social  |networking| service  | company  |    in    |california|    .     |
|facebook  |0.0       |0.047458  |0.0       |0.0       |0.0       |0.0       |0.0       |0.0       |0.006780  |0.0       |0.020339  |
|is        |0.013889  |0.0       |0.055556  |0.0       |0.0       |0.0       |0.0       |0.0       |0.0       |0.0       |0.013889  |
|an        |0.0       |0.0       |0.0       |0.019608  |0.0       |0.0       |0.0       |0.0       |0.0       |0.0       |0.0       |
|american  |0.0       |0.0       |0.0       |0.0       |0.0       |0.0       |0.0       |0.0       |0.0       |0.0       |0.0       |
|social    |0.0       |0.0       |0.0       |0.0       |0.0       |0.285714  |0.0       |0.0       |0.0       |0.0       |0.0       |
|networking|0.0       |0.0       |0.0       |0.0       |0.0       |0.0       |0.222222  |0.0       |0.0       |0.0       |0.0       |
|service   |0.0       |0.0       |0.0       |0.0       |0.0       |0.0       |0.0       |0.090909  |0.090909  |0.0       |0.181818  |
|company   |0.0       |0.0       |0.0       |0.0       |0.0       |0.0       |0.0       |0.0       |0.024390  |0.0       |0.048780  |
|in        |0.017986  |0.0       |0.010791  |0.0       |0.0       |0.0       |0.0       |0.0       |0.0       |0.003597  |0.0       |
|california|0.0       |0.0       |0.0       |0.0       |0.0       |0.0       |0.0       |0.0       |0.0       |0.0       |0.333333  |
|.         |0.114486  |0.0       |0.002336  |0.0       |0.0       |0.0       |0.0       |0.0       |0.156542  |0.0       |0.0       |

B2) Table with probabilities bigrams with smoothing:

  BIGRAMS  | facebook |    is    |    an    | american |  social  |networking| service  | company  |    in    |california|    .     |
|facebook  |0.000355  |0.005321  |0.000355  |0.000355  |0.000355  |0.000355  |0.000355  |0.000355  |0.001064  |0.000355  |0.002483  |
|is        |0.000770  |0.000385  |0.001926  |0.000385  |0.000385  |0.000385  |0.000385  |0.000385  |0.000385  |0.000385  |0.000770  |
|an        |0.000388  |0.000388  |0.000388  |0.000777  |0.000388  |0.000388  |0.000388  |0.000388  |0.000388  |0.000388  |0.000388  |
|american  |0.000395  |0.000395  |0.000395  |0.000395  |0.000395  |0.000395  |0.000395  |0.000395  |0.000395  |0.000395  |0.000395  |
|social    |0.000392  |0.000392  |0.000392  |0.000392  |0.000392  |0.003527  |0.000392  |0.000392  |0.000392  |0.000392  |0.000392  |
|networking|0.000395  |0.000395  |0.000395  |0.000395  |0.000395  |0.000395  |0.001184  |0.000395  |0.000395  |0.000395  |0.000395  |
|service   |0.000394  |0.000394  |0.000394  |0.000394  |0.000394  |0.000394  |0.000394  |0.000789  |0.000789  |0.000394  |0.001183  |
|company   |0.000390  |0.000390  |0.000390  |0.000390  |0.000390  |0.000390  |0.000390  |0.000390  |0.000780  |0.000390  |0.001170  |
|in        |0.002141  |0.000357  |0.001428  |0.000357  |0.000357  |0.000357  |0.000357  |0.000357  |0.000357  |0.000714  |0.000357  |
|california|0.000395  |0.000395  |0.000395  |0.000395  |0.000395  |0.000395  |0.000395  |0.000395  |0.000395  |0.000395  |0.001579  |
|.         |0.016938  |0.000339  |0.000678  |0.000339  |0.000339  |0.000339  |0.000339  |0.000339  |0.023035  |0.000339  |0.000339  |

C1) The probability of the sentence is without smoothing: 0.0

C2) The probability of the sentence is with smoothing : 3.9303953270769075e-34

C:\PERSONAL FOLDER\FALL 2018\CS6320 Natural Language Processing\NLP_H2>